58171240000
57534270000
56723006000
63262889000
65698415000
70511587000
5.3466e+10
53674039000
47513169000
55119774000
52600994000
46156378000
55565602000
51081870000
54493953000
62498427000
68089886000
72442102000
54070690000
56592420000
51660103000
57528095000
57956484000
53531296000
59444722000
61481812000
61510260000
68499420000
75727637000
77188587000
60348044000
60842793000
55043270000
62939577000
62947129000
54266779000
64931428000
64775657000
64239757000
71456303000
79789452000
82103070000
66087133000
68172312000
62306981000
70387190000
68730894000
60564947000
76780559000
73091090000
74199900000
84712185000
93089947000
97550101000
78695425000
77795236000
73243476000
79161644000
81301583000
75857492000
94868236000
87220174000
86331691000
1.00676e+11
109638440000
116895310000
88429393000
88243153000
82334580000
84531946000
82537835000
77016297000
91471509000
85402054000
85845195000
97299866000
103291280000
109282730000
81302021000
83224870000
73544110000
82224076000
79002347000
69641945000
81240056000
8.2445e+10
89171692000
92853894000
100930650000
101123770000
81715280000
83280356000
74629678000
82783961000
80885070000
7.3685e+10
89868481000
88339040000
87908413000
97316918000
1.04251e+11
107079410000
83378792000
86737963000
78672531000
87161142000
86681614000
80842390000
102908150000
91035220000
94156649000
1.07035e+11
111897450000
1.13868e+11
92059378000
95662746000
85138468000
91983298000
88937301000
83655746000
102976660000
100521490000
104468260000
115830930000
119169640000
126915750000
103121390000
103768260000
95909693000
102153870000
99699354000
91197427000
1.18408e+11
113518310000
118792670000
127232680000
135917640000
1.4041e+11
106929140000
109878940000
99670238000
115699480000
1.10197e+11
102306680000
129015350000
119009610000
123594810000
133083750000
145655910000
1.57071e+11
118001200000
120193620000
1.12615e+11
124786510000
117456910000
114714270000
143575670000
139382140000
141129710000
1.47536e+11
163239680000
170102760000
129452750000
133005880000
121450200000
128485450000
124609460000
121740220000
148368270000
139325360000
143714180000
156027120000
168159930000
176720530000
138480270000
144420560000
131940720000
135956410000
131570650000
120310930000
147835150000
137225740000
1.44081e+11
163732290000
172182820000
1.82149e+11
142222610000
147212790000
137561940000
142688280000
105460730000
98895561000
119991790000
113945660000
1.15259e+11
128458070000
1.37311e+11
1.46291e+11
114519670000
117155630000
107097650000
112332260000
104544870000
89017281000
1.08609e+11
111439810000
116608260000
126599280000
136154900000
144493650000
115445870000
117186330000
104064420000
115725500000
105797420000
101606650000
119173620000
111883120000
119185100000
137263380000
152423440000
159657140000
124694870000
121734280000
110590250000
1.17135e+11
113734670000
104708610000
126176650000
122442290000
126401830000
134039590000
145866110000
1.51355e+11
125033500000
129793430000
116606400000
121830130000
116590690000
108205610000
136301530000
127254490000
132891630000
144507290000
157232940000
159705160000
134032870000
137536210000
1.26691e+11
131604350000
126152820000
115742350000
142170440000
136282500000
137747170000
149977750000
160070120000
164329400000
136773110000
140979110000
131110160000
135046070000
128202700000
129169770000
154939710000
144190480000
149426430000
161323130000
169729750000
176142410000
143573740000
1.4962e+11
134089460000
148083580000
133613900000
131285800000
164265500000
150548680000
155938630000
166386080000
1.76314e+11
181490570000
150230860000
1.55539e+11
143231390000
151243080000
1.41873e+11
133923630000
163361880000
159132520000
162907740000
172006340000
178325520000
182439260000
148681520000
160389440000
148683250000
153074930000
146583280000
138474580000
173283170000
164905150000
166409880000
179755820000
193192570000
191256400000
161201090000
172221620000
161600340000
156993820000
149529300000
149795790000
184434490000
176944850000
183671580000
196804720000
2.03695e+11
2.01085e+11
169324890000
176502630000
168849780000
166140840000
159389770000
1.49979e+11
186969150000
179404700000
180739430000
194962790000
205720230000
207010850000
117320720000
132813110000
135735190000
144502550000
139763560000
135472750000
172270190000
159039540000
166990710000
180672450000
191485500000
190973830000
147812750000
162059250000
150320440000
169969790000
153591520000
141122420000
170299740000
155572360000
163006790000
180818700000
197886640000
194969300000
156364440000
170173650000
162386330000
176219540000
161939360000
159539080000
192107590000
187020350000
187592110000
206599190000
220007670000
212884570000
173643120000
189063430000
178361830000
188040930000
178888820000
167385500000
211787580000
195436650000
204806700000
218858880000
2.32299e+11
221336760000
186140390000
190922680000
1.84557e+11
1.92868e+11
183105080000
170187640000
212399380000
204361680000
208057820000
222297710000
233395860000
222681150000
187037230000
198246490000
190646200000
197942350000
1.89048e+11
173381500000
218100720000
209508470000
215799320000
230779360000
2.42965e+11
238319480000
197739940000
2.08336e+11
198751290000
203347600000
194001320000
184513280000
223726590000
206720650000
218177250000
228486310000
239122640000
231901700000
183596250000
195054610000
175537870000
190510250000
175121360000
160519740000
1.98082e+11
195498900000
197604760000
214050680000
231410400000
223844320000
184306060000
192824220000
1.77033e+11
1.89695e+11
178953190000
159720200000
204921270000
194859750000
206552710000
223423650000
237913320000
230223920000
196023880000
207214880000
190002880000
197393830000
184891090000
166173620000
210474800000
203050680000
215134340000
228173730000
244269690000
231743690000
1.99036e+11
204533760000
190478820000
199786930000
185820580000
174731400000
215088610000
206007830000
215662640000
230282290000
2.41498e+11
2.35827e+11
1.98025e+11
203033290000
192117630000
2.00109e+11
189414590000
174326080000
218293430000
205359600000
220720840000
235399160000
245921610000
240020310000
201605780000
209176750000
190831430000
212898840000
194186291472
175386664293
222679137882
213806802024
2.27103e+11
240125563476
253146656706
194186291472
